FF28D7



28D7
28D7 (32 bits)
Raw (68): -17792, 9050, -4450, 600, -550, 550, -550, 600, -550, 600, -550, 550, -550, 600, -550, 550, -550, 600, -550, 600, -1650, 600, -1650, 600, -1650, 600, -1650, 600, -1650, 600, -1650, 600, -1700, 550, -1700, 600, -500, 600, -550, 600, -1650, 550, -550, 600, -1700, 550, -550, 600, -550, 550, -550, 600, -1650, 600, -1650, 600, -550, 600, -1650, 600, -550, 600, -1650, 550, -1700, 550, -1700, 600, 
28D7
28D7 (32 bits)
Raw (68): -9238, 9050, -4500, 600, -550, 600, -500, 600, -550, 600, -500, 650, -500, 600, -500, 600, -550, 600, -550, 550, -1700, 600, -1650, 550, -1700, 550, -1700, 600, -1650, 600, -1650, 600, -1650, 650, -1600, 600, -550, 600, -550, 550, -1700, 600, -500, 600, -1650, 600, -550, 550, -550, 600, -550, 600, -1650, 600, -1650, 600, -550, 550, -1700, 550, -550, 600, -1700, 550, -1700, 550, -1650, 600, 
FFFFFFFF
FFFFFFFF (0 bits)
Raw (4): -30864, 9100, -2200, 600, 
FFFFFFFF
FFFFFFFF (0 bits)
Raw (4): -30814, 9050, -2250, 600, 
FFFFFFFF
FFFFFFFF (0 bits)
Raw (4): -30814, 9050, -2250, 550, 
FFFFFFFF
FFFFFFFF (0 bits)
Raw (4): -30814, 9100, -2200, 600, 
FFFFFFFF
FFFFFFFF (0 bits)
Raw (4): -30814, 9050, -2250, 600, 
0
0 (0 bits)
Raw (22): 20746, 350, -400, 900, -400, 650, -750, 200, -1200, 350, -1700, 350, -5050, 300, -700, 300, -650, 400, -450, 500, -550, 350, 
0
0 (0 bits)
Raw (6): 27728, 2950, -250, 150, -150, -8296, 
